1000
0
0.001 -0.2263053946541891 0.3484232153094634 0.6395030039554894 0 0 0
0.001 -0.48042880393559223 -0.8151914867500086 0.30593854722426667 0 0 0
0.001 0.44123782142312423 0.32755390668050843 -0.8017219409616051 0 0 0
0.001 0.4382216989193794 0.22815510206923742 -0.18063079932689052 0 0 0
0.001 0.45535743547455515 -0.7739017190523795 0.2852660404823233 0 0 0
0.001 -0.6075307181275488 -0.41149064892129744 -0.2778099195385802 0 0 0
0.001 0.7249557327666798 -0.3431011688604038 -0.005765965973465057 0 0 0
0.001 -0.7128936072262596 -0.1504474595826588 0.6782505378316425 0 0 0
0.001 -0.23887903958023826 0.8249908029013084 0.2562945017235257 0 0 0
0.001 -0.36873153513137774 -0.09324256147605575 0.2934614490078151 0 0 0
0.001 -0.03356917417222332 0.22762898648514035 -0.16022537443341822 0 0 0
0.001 0.5888681017703773 -0.5904341434335684 -0.1594944097113866 0 0 0
0.001 -0.5272911583422761 -0.10021804845557394 0.8201926316518393 0 0 0
0.001 -0.020606200705515932 -0.0018951386348215352 0.049590900464895046 0 0 0
0.001 -0.4389010706924111 0.693292449824719 0.09214596418189971 0 0 0
0.001 -0.16378745173531728 0.14221732957549105 -0.283607709162376 0 0 0
0.001 0.5312337593406459 0.7447693348441308 0.3713375800713262 0 0 0
0.001 -0.2545022429280049 0.5417019090584577 0.47588059934664506 0 0 0
0.001 -0.6714497247016792 0.4848761638575845 -0.4714306398844945 0 0 0
0.001 -0.025507634254596376 -0.27620453915375115 -0.3813143188338584 0 0 0
0.001 -0.5147641548928774 0.10851056709960842 0.4370119573587178 0 0 0
0.001 -0.6523386844322328 0.21671947590076496 0.2962401194511815 0 0 0
0.001 0.07338023411951179 -0.23351476053126718 -0.6320913167681049 0 0 0
0.001 -0.21618365683785654 0.34545744850105775 0.6472459240333451 0 0 0
0.001 0.12389553443270868 -0.5424257381745548 -0.7717807467421074 0 0 0
0.001 -0.33706615016302033 0.9368707269697428 -0.06036181217736536 0 0 0
0.001 -0.058142389777818576 -0.9034343966796836 -0.22342499101605245 0 0 0
0.001 0.09649130268873844 -0.31255514393205347 0.9005881780686245 0 0 0
0.001 -0.8724614383446243 0.12154291149480169 -0.008188104313754923 0 0 0
0.001 -0.4300404805928203 0.45868947958694484 0.5379512871512577 0 0 0
0.001 -0.1229245304217786 0.7262807585747274 -0.188166742804867 0 0 0
0.001 0.5070350326238474 -0.6512095847683441 -0.3840037590375887 0 0 0
0.001 0.35720259439793706 0.6517161824763743 0.21489996719502064 0 0 0
0.001 -0.8268349079638083 0.3992233556443652 -0.27830447816479675 0 0 0
0.001 -0.7455214576873761 0.2588238893049909 -0.29596998688782333 0 0 0
0.001 -0.6951079921107347 -0.4219669486886361 0.4517319535953391 0 0 0
0.001 0.4495516156405716 0.3026869240607161 0.456942155694171 0 0 0
0.001 -0.18583860308189143 0.09801579303596435 0.5781346673114608 0 0 0
0.001 0.07821185316565835 0.419504952644056 -0.7995018727909335 0 0 0
0.001 -0.3042069737439331 -0.6994525093157627 0.05143666055300412 0 0 0
0.001 -0.08069630162861674 0.49988890302260025 0.7759416115065384 0 0 0
0.001 0.4419013298172501 -0.20485505607826476 0.6216381468373295 0 0 0
0.001 -0.28931942611924366 0.04132748018626816 0.09612223097816051 0 0 0
0.001 -0.0008740558740618676 -0.3624396277768595 -0.33205080244126556 0 0 0
0.001 0.16051864931236737 -0.8839787411149369 -0.23793810618720077 0 0 0
0.001 -0.25910141786547114 0.8355834368833538 -0.4263176666318893 0 0 0
0.001 -0.2529550249036824 0.07647113886183753 -0.6631239600660895 0 0 0
0.001 -0.004282689871468579 0.7896065367589012 0.4413726671730678 0 0 0
0.001 -0.9820119816621264 0.02736477792877001 0.047908344440356104 0 0 0
0.001 -0.029758107034814317 0.3637418012999492 -0.06358289852972757 0 0 0
0.001 0.20598212271449529 0.20270477404034679 0.9235739929502436 0 0 0
0.001 -0.4904580821277322 -0.547111503212245 0.5888432145566361 0 0 0
0.001 0.3718713810981744 -0.6212100124054921 -0.12771941073461954 0 0 0
0.001 0.026729896678713536 0.16569751276192698 0.4243600671441106 0 0 0
0.001 -0.20892568026990502 -0.259179631900028 -0.07508776679708583 0 0 0
0.001 -0.24047367559021293 -0.1155281277266756 -0.9098019733744607 0 0 0
0.001 -0.614743517403916 0.0006952000897463316 -0.26174175077254724 0 0 0
0.001 0.29826793753285424 0.31723896132916196 0.8587128232492665 0 0 0
0.001 0.6636452600357718 0.6734271096719412 -0.3256822373293237 0 0 0
0.001 -0.3782078696960331 -0.518360147869273 -0.5638028757621397 0 0 0
0.001 0.5205604551125393 0.19958520008159028 0.19350539759392218 0 0 0
0.001 0.12623889645515446 0.46035637628034165 0.7262851105379617 0 0 0
0.001 -0.23405848568399248 -0.27938460942730714 -0.06441553208636318 0 0 0
0.001 -0.4617866554973978 0.3139543069723384 -0.7567149716590361 0 0 0
0.001 0.8815924556734795 0.23808613054827238 -0.3005424364134928 0 0 0
0.001 0.4688939348767311 0.7632678003247041 0.3322314396989536 0 0 0
0.001 0.029637787985360795 0.16041252955655722 -0.0005980149349421061 0 0 0
0.001 -0.3531798446471217 0.5915057612391214 -0.12856815864348775 0 0 0
0.001 -0.18149001855836955 0.20468788511625705 0.10839531615018934 0 0 0
0.001 -0.29370516904285354 -0.6208530390671279 0.06482577545165924 0 0 0
0.001 -0.5060929319010178 0.3323850767611653 -0.429607666089074 0 0 0
0.001 0.780174047499443 0.0723681296612107 -0.23040048350347336 0 0 0
0.001 0.3963833962447893 0.7715668439688628 -0.4724828717320422 0 0 0
0.001 0.370893709439397 0.12659485950776975 -0.5178036754572842 0 0 0
0.001 -0.013196713468673285 -0.059827817770487214 0.5650721923076943 0 0 0
0.001 0.6556873815952788 -0.15915199758532 -0.280323147187317 0 0 0
0.001 -0.006476141345789348 0.08724931932986066 0.973161508717456 0 0 0
0.001 0.18319714001819903 -0.09234898387754335 -0.2932285193969639 0 0 0
0.001 0.048151989696474405 -0.341303119058764 -0.8485853455585266 0 0 0
0.001 -0.23368411197499744 -0.2774620304131688 0.4164083008843851 0 0 0
0.001 -0.043995383679110586 0.6605089295738136 -0.2436114840243448 0 0 0
0.001 0.34807946856151734 -0.12828787312345838 -0.8622424135401171 0 0 0
0.001 0.4088187349153972 -0.8039939205480293 -0.339702077040851 0 0 0
0.001 -0.2813897891916521 0.49981110599011586 0.27701982510579765 0 0 0
0.001 0.4394347414284477 -0.21044781526377132 0.4818009142111601 0 0 0
0.001 -0.6513834547292114 0.609676025734915 0.22147666924263693 0 0 0
0.001 0.2793508441853235 -0.33009518333409155 0.6166819897894995 0 0 0
0.001 -0.6018700624373469 0.16215657473890682 0.14655019782554926 0 0 0
0.001 0.1639067194542958 0.2860468833084549 -0.14561651294217384 0 0 0
0.001 -0.3653741067854869 -0.6426114746348018 -0.1899722778432727 0 0 0
0.001 0.2744729275083221 0.5630919785648945 0.42687311585587073 0 0 0
0.001 0.3721341556145224 0.17397596248267352 -0.6805103309010417 0 0 0
0.001 0.6331623184664232 -0.10878858077623964 -0.0773938128084149 0 0 0
0.001 -0.4057528709638656 -0.09641465391959422 -0.705487789229535 0 0 0
0.001 0.034722199474093995 -0.4033910885705537 0.04684788401511779 0 0 0
0.001 0.31710379437387826 -0.8445128953761895 0.06718891910196256 0 0 0
0.001 -0.19743295232868152 -0.5632762940603647 -0.03402211084971212 0 0 0
0.001 -0.2114079518533646 0.7008017708171363 0.10392971780428975 0 0 0
0.001 -0.0913880398692512 -0.11323325561654657 0.5221619934340073 0 0 0
0.001 -0.3965430306880119 0.07632600416168141 -0.8919686035227733 0 0 0
0.001 0.36001963314803076 0.1486227513091836 0.6669429794855702 0 0 0
0.001 -0.22744415325306688 0.8263269307154132 -0.21048890358919778 0 0 0
0.001 -0.036060026858723275 -0.409672147367199 -0.4732467930632615 0 0 0
0.001 0.7932274748978669 0.12533108316774272 -0.46446986380464783 0 0 0
0.001 0.46390068139402213 0.010910357215340664 -0.08280384153663947 0 0 0
0.001 -0.17514601088216672 -0.7285862236610822 -0.2596689748819786 0 0 0
0.001 0.2780547870401074 -0.7312687520379935 -0.03698496058469365 0 0 0
0.001 0.37990909497218234 -0.5045451588008912 -0.07803978360021369 0 0 0
0.001 0.3387360563920684 0.14580851655444674 0.7192499453944449 0 0 0
0.001 -0.03757218625547804 -0.176678757750919 0.22313458361455743 0 0 0
0.001 -0.49059284408998816 -0.4801338504297462 -0.22627747057900785 0 0 0
0.001 -0.14434836576278984 -0.14798854066604641 0.2805336525578185 0 0 0
0.001 0.5209368544275058 -0.7621706671843849 0.2235804517580316 0 0 0
0.001 0.06820493030525009 0.9417774002922944 0.010635128122891012 0 0 0
0.001 -0.811377215915304 0.0985826714112346 0.11953056781988382 0 0 0
0.001 -0.2772477012201374 0.3309100385731967 0.16441959209122567 0 0 0
0.001 -0.3829860602831372 -0.5713114644642958 -0.539488398378786 0 0 0
0.001 -0.14428348114917708 -0.6385918238425057 0.15934470296959768 0 0 0
0.001 -0.6050455447987587 0.4905107788131925 0.3992503900755862 0 0 0
0.001 -0.07501488222687419 0.5524777770738717 -0.5540905184274277 0 0 0
0.001 0.0758010084847104 -0.4055421102986394 -0.343561544589304 0 0 0
0.001 -0.3621744772908608 0.4035740214446626 -0.6561807558003828 0 0 0
0.001 0.475273553533468 -0.4158906463901504 -0.49251313804518465 0 0 0
0.001 0.31461591858200616 0.8638489930683027 0.264004430156451 0 0 0
0.001 0.5668368110313607 0.017403291363359916 -0.3198815718804327 0 0 0
0.001 -0.645127340752218 -0.2407495900795911 0.5010050662771778 0 0 0
0.001 -0.8874159329771901 0.15341510644728923 -0.280565138105182 0 0 0
0.001 -0.11589988390278977 0.28472695101826534 0.2568853811666593 0 0 0
0.001 0.7787720266686154 -0.1433069778396402 0.00695092077250171 0 0 0
0.001 0.3060295040638223 0.6048556629253867 0.3977730656802833 0 0 0
0.001 0.5134720806497933 0.5991750217246767 0.3210073674141483 0 0 0
0.001 0.3267614739422986 0.7732663058896313 -0.5030543782913385 0 0 0
0.001 0.5036953960457689 0.28025740319359294 -0.24265814912301006 0 0 0
0.001 0.34661629734582367 -0.14768268659309097 0.7650562786612052 0 0 0
0.001 0.013773665232380949 -0.45889958080292825 -0.33781250641629756 0 0 0
0.001 -0.4905074027323569 -0.1936110684432302 -0.8140749908031794 0 0 0
0.001 0.311309766485434 -0.14513553436617582 -0.6941143675572722 0 0 0
0.001 0.384652641890906 -0.8225330415433395 -0.26952872385388893 0 0 0
0.001 -0.24664570811036346 0.20167188925543592 0.9334653596523136 0 0 0
0.001 -0.4300170369868901 -0.24507645762882826 0.22485563254321186 0 0 0
0.001 0.31888077410276133 -0.9273168201927111 -0.012428509264298025 0 0 0
0.001 0.881027163800102 -0.4233652056697764 -0.04411676696256939 0 0 0
0.001 0.367964339313713 0.49697427969826596 -0.2501230025150658 0 0 0
0.001 0.5075949856171494 -0.5077728673382966 -0.04131883849275919 0 0 0
0.001 -0.11363969746127758 -0.36004550541303054 0.350503708069688 0 0 0
0.001 -0.23566621489360862 -0.5039515051593382 0.031490859806384476 0 0 0
0.001 -0.10871380586803013 0.05189317213403546 -0.2699435366254186 0 0 0
0.001 -0.30342972008135916 -0.5683160091994345 0.6740069891413213 0 0 0
0.001 0.5978375082829367 0.2731115364277282 0.4075286146122602 0 0 0
0.001 -0.8488979007414912 0.44426932337011216 0.0054555933882026834 0 0 0
0.001 -0.4341574958182612 0.5823963710442214 -0.3311908465876974 0 0 0
0.001 -0.7096222084170594 0.4734135070283036 -0.34773226712812527 0 0 0
0.001 0.36117350763960454 0.2919781883575827 -0.3019621147005583 0 0 0
0.001 -0.04988914487621581 0.1567472027684045 0.20565832871367126 0 0 0
0.001 0.21480298923808927 -0.7747184367820905 -0.25567963072425315 0 0 0
0.001 0.38867606100450336 0.6824819023313485 0.13387006113436503 0 0 0
0.001 0.7985944086370325 0.5849507489743292 0.06184708442914491 0 0 0
0.001 -0.1765971924689204 -0.43036089099201363 0.40704935561143646 0 0 0
0.001 0.3065574387878616 -0.6518233301844056 0.29210247120314253 0 0 0
0.001 -0.2752579528165442 -0.5341945095298525 -0.46892262116247435 0 0 0
0.001 -0.6697519483032934 0.5366621356175263 0.30761983936627135 0 0 0
0.001 0.03960600442744335 0.5477259368536115 -0.018544504821048996 0 0 0
0.001 0.04807080519354247 0.8118994737475558 0.5317605146824297 0 0 0
0.001 0.6994350552705922 0.5058266388968653 -0.25564131633348036 0 0 0
0.001 -0.3619511636524836 0.07486829768947233 -0.6741844354813442 0 0 0
0.001 0.06650832017089237 0.19134628043002358 -0.19766264669156683 0 0 0
0.001 0.5713826723836177 0.6523951083741275 -0.3942156118732532 0 0 0
0.001 -0.3050024540008964 0.1068619445637985 -0.020895185016427006 0 0 0
0.001 -0.4138683299312387 -0.6474226103805736 0.3130353754116936 0 0 0
0.001 -0.26917990349516174 0.15994670690379226 0.9440038627673678 0 0 0
0.001 -0.29765084169683403 -0.4321279664884771 0.2969515244332208 0 0 0
0.001 0.36594194829944954 -0.6450086834305757 -0.16842245872040582 0 0 0
0.001 0.06963553365233957 0.9463165466359689 0.043219605715690244 0 0 0
0.001 0.5948768795512546 0.5358835556524288 -0.4501552592777834 0 0 0
0.001 0.8177712735199802 0.031350816462159974 0.3206150671489384 0 0 0
0.001 0.14539477623016314 0.37340172902310353 0.8485693437406757 0 0 0
0.001 0.3427072086191779 0.03133762607240878 -0.3899563668818779 0 0 0
0.001 -0.3907596038412322 -0.23713721014122902 0.10297597900302598 0 0 0
0.001 -0.1828131261258373 -0.6199589976395113 -0.3923195340519426 0 0 0
0.001 0.14488319061673602 -0.7772698299941568 0.06861264611851928 0 0 0
0.001 0.7482277867663903 0.2099229689040431 0.043516002588168456 0 0 0
0.001 0.417518619956633 0.4678866775481665 0.6040011758406268 0 0 0
0.001 -0.24325029810204452 0.19617009465960372 0.5984597863972423 0 0 0
0.001 -0.6329183910831149 0.05356587324393874 -0.18054023408244727 0 0 0
0.001 -0.04320405005107895 0.7724978813522528 0.39744738798092816 0 0 0
0.001 -0.19078027708565876 0.8794883200314572 -0.004123666838912774 0 0 0
0.001 -0.31543430010277906 0.3483195139367645 0.03025059712989592 0 0 0
0.001 -0.6652524504414654 0.3690608722826083 0.12019545108422221 0 0 0
0.001 0.10506287342736978 0.6211007835336146 0.06683603429313376 0 0 0
0.001 0.11188263307394941 -0.10826372632730344 -0.5775353719633773 0 0 0
0.001 0.4536347122727415 -0.6753692031759643 -0.0371981075719366 0 0 0
0.001 0.4292947041393847 -0.49844161581760305 -0.49588432952278394 0 0 0
0.001 -0.3200052357510955 -0.5821585725728848 -0.456997615396333 0 0 0
0.001 0.43621126895880785 -0.4159925880365518 -0.7812594511725756 0 0 0
0.001 0.3928104151794386 -0.03274241673433821 -0.19149792507148458 0 0 0
0.001 0.06191381803510081 -0.2414509525053107 -0.6811389800586195 0 0 0
0.001 -0.5937209824678614 -0.13847619903849265 0.5752695296303214 0 0 0
0.001 -0.3416954277377725 0.3579993002232553 -0.8401432691044245 0 0 0
0.001 0.3619657898881865 0.24183877439885504 -0.4294523852663878 0 0 0
0.001 0.6398991721501343 -0.5624020287514182 0.3540415241382207 0 0 0
0.001 -0.02946495111777677 -0.7686810137801132 -0.24835218644988527 0 0 0
0.001 0.18338148658091208 -0.2727789546014062 0.3319932929747704 0 0 0
0.001 -0.23016157771287205 0.6973879568916972 -0.2663646384956063 0 0 0
0.001 -0.06639226018884208 0.0747563638632835 -0.9062904850259268 0 0 0
0.001 -0.2027507831893313 0.31404899874060765 -0.26667551132657935 0 0 0
0.001 0.41883070410895706 0.6111878759617266 0.22771324632728376 0 0 0
0.001 -0.5277698931421926 -0.10910655550144246 -0.5753256242776555 0 0 0
0.001 -0.9295952138911279 0.022513703241321632 -0.2348691006016956 0 0 0
0.001 -0.6425798976541013 -0.3887192283886411 -0.34129329991161766 0 0 0
0.001 0.09861498621694909 0.6598918410388372 -0.027538161268573697 0 0 0
0.001 -0.5801314573650914 0.5437372214903918 -0.03192820148690742 0 0 0
0.001 -0.056930424296363656 0.5565307159911074 0.058546135071050456 0 0 0
0.001 0.03830492038519612 0.5470364857108806 -0.1613344280554072 0 0 0
0.001 -0.06923519760225931 0.03136818071584075 0.6269974656678513 0 0 0
0.001 0.8611270021564991 0.4354571018878874 0.19863308271131352 0 0 0
0.001 -0.660231853293341 -0.6012138019329326 -0.40986742086299205 0 0 0
0.001 0.6095466066020191 -0.1755280759951952 0.3404006040472969 0 0 0
0.001 0.20055121901883788 -0.28394747141334215 -0.44322955792799273 0 0 0
0.001 0.6268297950320791 -0.001981692415426441 -0.30198013986444217 0 0 0
0.001 -0.5728707518972715 -0.046475189111055006 -0.293038352878969 0 0 0
0.001 0.15990882389156869 -0.02817506890436819 -0.06579364484257862 0 0 0
0.001 -0.3975131530620597 -0.5141457157562275 -0.340314283144086 0 0 0
0.001 -0.14516477001259182 -0.3384889439072695 -0.8234026295109217 0 0 0
0.001 -0.28833058155326063 0.3936461304838924 -0.5548716339190649 0 0 0
0.001 0.5471668768750059 -0.5741177635509653 0.42339312864524337 0 0 0
0.001 0.42030989014912057 -0.7121311336973366 -0.36319159436044657 0 0 0
0.001 0.1826653786867074 -0.5551598419535924 -0.6312873360205141 0 0 0
0.001 -0.4058575692770095 0.417630799144327 -0.6800799439768052 0 0 0
0.001 -0.3696516310770179 0.6004156311452283 -0.6031608219271659 0 0 0
0.001 -0.4191314306921806 -0.5330582625574158 0.07560141314382789 0 0 0
0.001 0.15041376763703937 -0.28490188858799625 -0.43094180177633445 0 0 0
0.001 -0.5949818317711624 -0.7039468953638532 0.12883887498796373 0 0 0
0.001 0.026692214013883463 0.5501652178706966 0.4714501678158736 0 0 0
0.001 -0.23415561235278373 -0.8901280469254051 0.10110765757974902 0 0 0
0.001 0.06083162332830915 0.28003047892881505 -0.09420794279405566 0 0 0
0.001 -0.23390979930542147 -0.08888465894665958 -0.05213381054254371 0 0 0
0.001 0.8208010425355456 0.1563674031155668 0.2991398662516651 0 0 0
0.001 0.12239296833454685 -0.45837142356605864 -0.6995852765600785 0 0 0
0.001 0.19721820956667993 -0.005171272395095848 -0.006176084024022137 0 0 0
0.001 -0.33817283424776035 0.3491456047157057 -0.11538593633383616 0 0 0
0.001 0.7597901344087121 -0.45835312952839313 0.3533746752140677 0 0 0
0.001 -0.1740388907206097 -0.7077560942105241 0.5576570307471517 0 0 0
0.001 0.767939834524801 -0.35481163600757953 -0.1921142626972297 0 0 0
0.001 0.4385002112432265 0.08334257304233324 0.859113354294428 0 0 0
0.001 -0.15021099178074734 -0.011318769320881302 -0.8511802863185691 0 0 0
0.001 -0.6020529558892699 -0.2599965319342466 0.5842275896498638 0 0 0
0.001 0.57327732002711 0.4657101051350172 -0.4341394777459097 0 0 0
0.001 0.543598037311017 -0.5785282626813545 0.24363290685483652 0 0 0
0.001 -0.5818249036001916 0.24633000817977815 0.04149538695740673 0 0 0
0.001 -0.2942772302014024 -0.024174730949526366 0.34583564824016144 0 0 0
0.001 -0.6147806251494489 0.1266550410031219 -0.6340246145526369 0 0 0
0.001 0.5227429136153356 0.5802540297483628 0.4180752122922496 0 0 0
0.001 0.2040241560003707 -0.6404220978978389 -0.7377847980190955 0 0 0
0.001 0.3191946737788101 0.0804388361227429 0.7928811484093646 0 0 0
0.001 0.8100122958426017 0.09539454287143691 0.059880665175158734 0 0 0
0.001 0.7139721753379275 0.006949209766441025 -0.6844799357373191 0 0 0
0.001 -0.3384104350290598 -0.8026736403501947 0.12456000511347835 0 0 0
0.001 -0.7924049302582792 -0.15200529713509206 -0.1921070408376469 0 0 0
0.001 0.35227408552005424 0.27900473393746683 0.012520713813350768 0 0 0
0.001 0.6596485612400839 0.39024153705737114 -0.01292334942489525 0 0 0
0.001 0.43905800084780333 -0.4564404188576301 0.4761621596310342 0 0 0
0.001 0.4978927310847881 0.5321109584741078 0.6837478686146051 0 0 0
0.001 -0.12761196955380885 -0.43857701377125474 -0.7576099481364238 0 0 0
0.001 -0.2631290722236482 0.011662917997988425 -0.15804583499003547 0 0 0
0.001 -0.772545146503185 0.009261735607995678 0.29258592743353834 0 0 0
0.001 0.5530958281868604 0.3640218364708269 0.5751193521381774 0 0 0
0.001 -0.8053114185432364 -0.47479080987985184 0.286380895958256 0 0 0
0.001 -0.0566247407798712 0.44517004182739855 0.6826623292658283 0 0 0
0.001 -0.5292387721129407 -0.5178333692808607 0.08387979653951602 0 0 0
0.001 -0.6635575679446091 0.685228031208216 0.2537515103769528 0 0 0
0.001 -0.7904948168299714 -0.10195400712412363 -0.3088130607207129 0 0 0
0.001 -0.6458032060468636 -0.27056879391638367 -0.49069255739086787 0 0 0
0.001 0.2243127337974801 -0.6935958511104229 0.27929047129659906 0 0 0
0.001 -0.4284358758060532 0.8094727059644415 -0.08980164526787486 0 0 0
0.001 0.47014206546555093 0.3996629958499217 -0.6007027702762578 0 0 0
0.001 -0.6104744819415521 0.539301830841684 -0.15568552696512683 0 0 0
0.001 0.33818799924381204 -0.20956742099709114 0.21247570841105817 0 0 0
0.001 0.07884959666213717 -0.6940004219632405 -0.44135662159993927 0 0 0
0.001 -0.46749703178211893 -0.07295058651315105 0.6801404358557789 0 0 0
0.001 -0.44321686522226267 0.09598373343027347 -0.4688601643526882 0 0 0
0.001 0.15105541389976185 -0.1485917422228652 0.7274659455118999 0 0 0
0.001 -0.13370265684429125 -0.42972331263062447 0.3515077272611377 0 0 0
0.001 0.38759785072354624 0.666039169597431 0.5404201492491177 0 0 0
0.001 0.7636828283024063 0.08190651150705121 -0.4735617864904014 0 0 0
0.001 0.4813383221225392 0.6797942336493984 0.05241523294877375 0 0 0
0.001 -0.570799430835263 0.6393184796832491 -0.4678771736071465 0 0 0
0.001 0.2078001135825817 0.6090291506765452 0.4151988137394096 0 0 0
0.001 0.20320678647882465 -0.21845377801210897 0.2863187331727471 0 0 0
0.001 0.2483093075481617 -0.23169482508460063 0.1357083579526373 0 0 0
0.001 0.2526018407440784 -0.6718245310503049 -0.17830882572752058 0 0 0
0.001 -0.6134530862334756 -0.20857444949041704 -0.7016500190286841 0 0 0
0.001 0.02255665323998082 0.12399903120495293 -0.22804563938805486 0 0 0
0.001 -0.07912265270005525 -0.6571876272828414 0.10282841669930133 0 0 0
0.001 -0.104218117875319 -0.7364635863461113 -0.5013647682939559 0 0 0
0.001 -0.684734999955053 -0.05532422421264953 -0.5157088767143172 0 0 0
0.001 0.22549899500235127 0.05680641220285003 -0.11869676467796605 0 0 0
0.001 -0.4746019960552252 0.07092753601118905 0.31912477362418823 0 0 0
0.001 -0.389967281194863 -0.07076084390752238 0.6298415445103255 0 0 0
0.001 0.26765832456120664 0.32956232824522297 -0.6762175096719366 0 0 0
0.001 -0.05095881215901343 -0.7151200416448306 -0.41261323718000564 0 0 0
0.001 -0.24896684971987768 0.3684223234292286 -0.13918887423551152 0 0 0
0.001 -0.22059703911621878 -0.43516452279674667 -0.2755518118320592 0 0 0
0.001 -0.12528824122769788 -0.25326339635489836 0.42534726009951523 0 0 0
0.001 0.4509203454471573 -0.7292213368996385 -0.13419345304026012 0 0 0
0.001 -0.1473872767713418 -0.06359642729283357 -0.029145718209118644 0 0 0
0.001 0.13390218229013187 0.24126961695359952 -0.45395756794139475 0 0 0
0.001 -0.6832392617772395 -0.5537763160492278 0.08066953185629443 0 0 0
0.001 0.8109377320906447 -0.11340005252095066 0.15048042554407332 0 0 0
0.001 0.08498841606235326 -0.013457902284685599 -0.9727119425822975 0 0 0
0.001 0.4679574454954486 -0.28364968711699484 0.3765023627119883 0 0 0
0.001 0.20278790024288387 0.5388631243081344 -0.5917117076633925 0 0 0
0.001 0.45761922192926296 0.32012548915836847 0.018162656264739015 0 0 0
0.001 -0.18053761029091747 0.09032357133129519 0.1286218024173651 0 0 0
0.001 -0.18610250354335212 -0.11801063906656074 0.8369690456667661 0 0 0
0.001 -0.25663782765245297 -0.4414908856589665 0.40768982539518067 0 0 0
0.001 -0.4254125274649699 0.7793456314449843 0.1606577253342855 0 0 0
0.001 0.21495479370719853 -0.7785315825221161 0.47840814547201516 0 0 0
0.001 -0.6991946365308283 -0.509929358976977 -0.3476478028518815 0 0 0
0.001 0.3547237842767574 0.46148347277579166 0.5146890673495162 0 0 0
0.001 -0.01650997815924054 0.29737172960288516 0.46011521703894365 0 0 0
0.001 -0.17697964085341364 -0.6670218365580954 -0.29871114216927047 0 0 0
0.001 -0.3912325765812213 0.8338728659542952 0.01617883195131552 0 0 0
0.001 0.6485540347999552 0.3646578122837951 -0.5231720347812095 0 0 0
0.001 0.21744701627906643 -0.21283804595763478 0.5904118421181982 0 0 0
0.001 0.06912205421992862 0.14907212763060537 -0.8590825889033555 0 0 0
0.001 0.05566515982979511 0.0530482535397656 -0.0016701352566532673 0 0 0
0.001 0.25771311266638897 0.16687496833441673 -0.000457754627420681 0 0 0
0.001 0.30930325251662344 0.22198939024252637 -0.21079855626904476 0 0 0
0.001 -0.6282312443990494 0.4847255344902719 0.4280894158313304 0 0 0
0.001 -0.7593917404726088 -0.29525851484385934 0.1446038624916267 0 0 0
0.001 0.4098519625256229 -0.2621685908764878 0.2166831077773052 0 0 0
0.001 0.593977806031588 0.3609858872385339 -0.13589969319322123 0 0 0
0.001 0.7416088477063077 -0.267599096466905 0.27514632404353995 0 0 0
0.001 -0.7133296401762321 0.16886339345870785 -0.673180350189322 0 0 0
0.001 -0.5796465025558407 0.6795874227795728 -0.17185507064940125 0 0 0
0.001 0.6073735844781086 0.2523055385574345 -0.4609589856656027 0 0 0
0.001 0.3566327254540601 -0.6821885914505804 0.22687715273785533 0 0 0
0.001 0.08570883949780357 0.11707988591127315 -0.022377908888082634 0 0 0
0.001 -0.307193018778367 0.26273122727494114 -0.017781520290406704 0 0 0
0.001 0.20742753847271195 -0.08960166167621259 -0.5758026345051519 0 0 0
0.001 0.4011200037386795 0.7497686354876124 0.19452257287976565 0 0 0
0.001 0.7548626936658843 0.2654245161537359 -0.5427444276326063 0 0 0
0.001 0.8543738238142956 0.21257657300112828 0.29862069229179145 0 0 0
0.001 -0.5355768529120326 0.7055721858725789 0.03905472655847805 0 0 0
0.001 -0.216161100574213 0.10318538604129279 0.32455219039580807 0 0 0
0.001 0.48099819796637233 0.6459852452748254 0.08520555690988658 0 0 0
0.001 0.6253790697629162 -0.48527891306265797 -0.2023342997245019 0 0 0
0.001 -0.20429117935201374 0.194017656434466 0.6931557828185461 0 0 0
0.001 0.2611810399726398 -0.41620056776572517 0.010761312168749025 0 0 0
0.001 -0.30616122317446803 -0.33628789487936694 0.5400608405350381 0 0 0
0.001 0.06533984616156288 -0.7468591601132442 0.11363819071913629 0 0 0
0.001 -0.3732381831878319 0.5100037531906982 -0.3656675144737321 0 0 0
0.001 -0.4915529572239876 0.709480323250305 -0.09730728117054074 0 0 0
0.001 0.5413519207597459 0.12041865866225109 -0.3628940523398347 0 0 0
0.001 0.3391015952337205 0.4816389494685311 -0.6823607316888917 0 0 0
0.001 0.3577016582213699 0.28588032164530136 0.15637011828296898 0 0 0
0.001 -0.3584935497219287 0.2713603840120039 -0.8210833925364055 0 0 0
0.001 0.10960633438156467 0.5834769996488257 0.07647370588201267 0 0 0
0.001 0.3167966238177766 -0.48173026654219175 0.023781635430846854 0 0 0
0.001 0.15312275798228528 0.7129554467509066 -0.3374189522039382 0 0 0
0.001 0.8129650893524949 -0.5041286804448206 0.1692188558576289 0 0 0
0.001 -0.2954265260785225 0.782244715731243 0.18122037862439602 0 0 0
0.001 0.6448169697065381 0.6438860160360254 -0.12308858137668886 0 0 0
0.001 -0.017362711618765143 -0.216213316253442 0.22672538557550365 0 0 0
0.001 0.3158539781760849 -0.1990676355061877 -0.02730932870958569 0 0 0
0.001 -0.8683699251243904 0.08587949699857217 -0.20196542997725872 0 0 0
0.001 0.5472764093170017 -0.5152144548068217 0.609766132703707 0 0 0
0.001 0.05682635981735059 0.2314043146043037 -0.5608544282362201 0 0 0
0.001 -0.14398643206048778 -0.35284990246650605 0.659789130416512 0 0 0
0.001 -0.1313879052234081 0.012683969694724717 0.6088701080819103 0 0 0
0.001 -0.45009742858018525 -0.42867787505921134 -0.5082936050143929 0 0 0
0.001 0.4340044035347777 0.6991299315322536 0.5164585764502662 0 0 0
0.001 -0.2689626822332336 -0.2604846622975938 -0.8852039795301733 0 0 0
0.001 -0.34853825087443446 -0.1304630819328036 0.2606556031639281 0 0 0
0.001 -0.8972007116166838 -0.2587969919192797 -0.15361621708094836 0 0 0
0.001 -0.2197126821495563 0.4302570279132527 -0.3381979545609253 0 0 0
0.001 0.2642997257607159 -0.31258921276518675 0.6783682939444216 0 0 0
0.001 -0.6102412682498424 0.5754841460978949 0.5267507407709606 0 0 0
0.001 0.3863328714969241 -0.32519197257006854 -0.7073607513855618 0 0 0
0.001 0.8627724583561297 0.08851780885766142 0.2829299495984627 0 0 0
0.001 0.32089079488207883 0.618433909010347 -0.6016574590169154 0 0 0
0.001 0.17100595150156112 0.3719618012151286 0.6280649773015482 0 0 0
0.001 -0.6038257016413208 0.6877690249352137 0.17883343496419304 0 0 0
0.001 -0.7389281625983386 0.21920024759832235 -0.492363128700096 0 0 0
0.001 -0.49573365599636826 0.6841636198501742 -0.0910555632184066 0 0 0
0.001 -0.5091651094507702 0.10570072185140418 0.6761198624935841 0 0 0
0.001 -0.618303102682553 -0.5557140017653307 -0.34335785297164745 0 0 0
0.001 -0.3025585670402081 0.349237820199797 0.22381088394903936 0 0 0
0.001 -0.3497060648455918 0.35915171534344525 0.3769316896575831 0 0 0
0.001 -0.25334287899244584 -0.19422171426327947 -0.7490255694647081 0 0 0
0.001 -0.047703653224570465 0.03279945127780165 -0.8711809189518139 0 0 0
0.001 0.090770758661103 0.6864428917467352 -0.21735488009694634 0 0 0
0.001 -0.7319263628449543 -0.03255244073976327 0.3000637376174173 0 0 0
0.001 0.5774130782370253 -0.07563441437994368 0.34254861115517493 0 0 0
0.001 -0.3320274353980106 0.7733863543672167 -0.527852057990192 0 0 0
0.001 -0.03660295490247292 -0.2821912003941713 0.6135195460304373 0 0 0
0.001 0.20519542280152878 -0.22550678714378697 -0.4546510455702715 0 0 0
0.001 0.10881111159061038 -0.34539196483480267 -0.8792877189587304 0 0 0
0.001 -0.0551909785889523 0.8841127108549098 -0.1170099514161512 0 0 0
0.001 -0.11384861192722538 0.8883459947454101 -0.3747204923088732 0 0 0
0.001 0.39612857584445454 0.2957033535575095 0.19760075770064006 0 0 0
0.001 -0.37109855631332955 -0.10584614873996208 -0.7487501095280488 0 0 0
0.001 0.4857993416987157 -0.8669063884281484 -0.11072108127778654 0 0 0
0.001 0.8126131427419009 -0.2652495804419922 -0.2793687799347135 0 0 0
0.001 -0.31748793115224017 -0.7983410058493585 -0.2777351955633154 0 0 0
0.001 -0.3352297810123019 0.43356248486023485 -0.49978420106798915 0 0 0
0.001 -0.4804322394199931 0.04946692055260519 0.6146598987806519 0 0 0
0.001 0.3196669705395032 0.5003344584558204 0.008829558631407471 0 0 0
0.001 0.6729836025954858 -0.6588222988785203 0.06383104803649439 0 0 0
0.001 0.387009814961703 -0.057211702042630985 -0.7166693531603113 0 0 0
0.001 -0.2962838748833095 0.2729801434359086 0.44759965253346545 0 0 0
0.001 0.13587690654170387 0.31849859763326654 0.6054050297429977 0 0 0
0.001 -0.6158645838177688 -0.5439308922114243 -0.17072015123223253 0 0 0
0.001 -0.7742017276515057 -0.32476983917043956 -0.046164768941438006 0 0 0
0.001 0.500645796106877 0.12305592873829435 -0.4304722571755269 0 0 0
0.001 0.045549752598427785 -0.2321049053452069 -0.31293719204089127 0 0 0
0.001 -0.839507624114797 -0.2867954187304644 -0.2649128890808471 0 0 0
0.001 0.21036212242818964 0.006454144190876738 0.22319386262785593 0 0 0
0.001 0.18020541891750036 0.16766916803449453 0.4738590429131401 0 0 0
0.001 -0.1587377600772025 0.5954322477811278 0.25888024408973664 0 0 0
0.001 0.9175298808934745 0.0035569224636757724 0.08088383197998304 0 0 0
0.001 0.6705028741301295 0.11722662564569597 0.6078574073987906 0 0 0
0.001 0.11058970886009706 0.875724113854044 -0.2444598136571857 0 0 0
0.001 -0.8001872104548874 -0.019556042451129414 -0.29045757351483936 0 0 0
0.001 -0.27711834697908483 0.7575785555371876 -0.2812119497632958 0 0 0
0.001 0.03485374984302547 -0.4052084111898939 0.5116135723155486 0 0 0
0.001 -0.08300976120025347 0.08785747889126999 -0.021404617356090706 0 0 0
0.001 -0.462414941589313 0.7509729542109367 -0.4686910861779915 0 0 0
0.001 -0.20715312145904236 0.5423020930980401 0.7403771993179797 0 0 0
0.001 -0.3997599509464461 0.0014842062624199966 0.44550153293274525 0 0 0
0.001 -0.6280906211287535 -0.39557488062115465 -0.5819973475333612 0 0 0
0.001 -0.7142277850606422 -0.13666386148219417 -0.3140480166106771 0 0 0
0.001 0.1608443760906282 -0.22751504597811034 -0.6785406277399628 0 0 0
0.001 -0.6034180019934593 -0.4752141312648034 0.14696177414156594 0 0 0
0.001 -0.421329622163733 -0.7151398961912578 0.13522368404084908 0 0 0
0.001 -0.1703092826336585 -0.776732156603132 0.58299911723248 0 0 0
0.001 0.689140124909369 0.23756320975438355 0.20300940977010323 0 0 0
0.001 0.8798305995479041 0.37516703210221386 0.23426577010510696 0 0 0
0.001 -0.1774119113853335 0.6979097685400381 -0.009763059561947085 0 0 0
0.001 0.07103125694605691 -0.38034906396718576 -0.3191019295459726 0 0 0
0.001 0.12508731195671455 0.18071139300970346 0.5491202981314304 0 0 0
0.001 0.5752952258371161 -0.6105468730428917 0.07992572080027968 0 0 0
0.001 0.28195696201681847 0.8329247341344779 -0.43626106780884394 0 0 0
0.001 -0.20932456842648203 0.43963038556442613 -0.26074068341500506 0 0 0
0.001 -0.47117475344958815 0.3489955577930768 0.5644630419470794 0 0 0
0.001 0.09952761849209871 -0.22954054973342908 0.29910216729622446 0 0 0
0.001 0.500879506478705 0.16749519345000824 -0.7086178989533696 0 0 0
0.001 0.30432658985366595 -0.14404726472285742 -0.583478240452387 0 0 0
0.001 0.3837989650404298 -0.504855560199356 -0.06101415128016422 0 0 0
0.001 -0.6666220281900402 0.5698333621130006 0.165132610259249 0 0 0
0.001 0.28482118009273044 -0.6495404709969902 -0.12365834168598779 0 0 0
0.001 -0.539209125043531 -0.2987627070998854 -0.672625321048519 0 0 0
0.001 0.7962699780212724 -0.2770655377876536 0.11533268470882739 0 0 0
0.001 -0.3068195565027343 0.1524963075801108 -0.7446749621747398 0 0 0
0.001 -0.10517028005328045 -0.6085929571013784 0.23634291893236958 0 0 0
0.001 -0.4369324515019554 0.344525142567829 0.6849430420766479 0 0 0
0.001 0.24022770702731056 0.7932109378261613 0.37293626791741147 0 0 0
0.001 -0.7554491461139736 0.07377190135899085 -0.30286029616337684 0 0 0
0.001 0.017598428797654265 0.9353651233192772 -0.04733225425931603 0 0 0
0.001 -0.49162383836975154 -0.6118399565391291 -0.572945825822114 0 0 0
0.001 0.9065584132863651 0.03738806256626146 0.3347321848731843 0 0 0
0.001 -0.8023115647913865 -0.21827846225531897 -0.09213618281887266 0 0 0
0.001 -0.4303296126410297 0.36317158922964776 -0.7167182410756465 0 0 0
0.001 -0.1345529729071283 -0.9759603301285242 0.0709517919924023 0 0 0
0.001 -0.21095623529710938 -0.30163607799088565 0.6223933699069298 0 0 0
0.001 0.0783745413974084 0.02800286617369287 -0.8027962482434847 0 0 0
0.001 -0.3425920299520486 -0.06161169717281616 -0.44118423112405447 0 0 0
0.001 -0.3828100874467437 0.5384244226705612 -0.7032369861772261 0 0 0
0.001 0.3652611418830676 0.640963861274988 -0.6480701283568281 0 0 0
0.001 -0.04022583712540634 -0.906646395790809 0.18544289529014682 0 0 0
0.001 -0.3746162599651895 0.8971176186180336 -0.068460390984545 0 0 0
0.001 0.029058591722363563 -0.35544757779595654 -0.5930937470530664 0 0 0
0.001 -0.7433357543589426 -0.3730297077140116 -0.4984392659292575 0 0 0
0.001 -0.18902012290800954 0.07151668502015589 0.8389185401409734 0 0 0
0.001 -0.3549813483932054 0.3356350558140392 0.6517816322739 0 0 0
0.001 0.3146553079007288 -0.3579962037897331 -0.14650148462336646 0 0 0
0.001 -0.13233558142725577 0.8887742775282095 0.2117358329623588 0 0 0
0.001 -0.4298758044822504 -0.032103138648784654 0.2400284484058449 0 0 0
0.001 0.6334310215755035 0.49575332741732714 -0.18259984516668767 0 0 0
0.001 0.7859396529233922 -0.2748744332917567 0.35599332357966995 0 0 0
0.001 -0.7256302255851999 0.1628037737969482 -0.5779125810007116 0 0 0
0.001 0.46046244050912033 0.20871082720425954 -0.8251926269689139 0 0 0
0.001 0.3451827251730801 -0.0027742620423233293 0.13279375013034697 0 0 0
0.001 0.6516864967979317 -0.689068084865488 -0.14953435171201987 0 0 0
0.001 0.497765021521406 0.48965715933980836 -0.37602431553171844 0 0 0
0.001 0.5030108531153306 -0.1261832654347895 0.034029552173995926 0 0 0
0.001 -0.6882842915376228 -0.43439774761893457 0.011046164666536844 0 0 0
0.001 -0.019851917881393295 -0.23003343352469832 0.6964852663163213 0 0 0
0.001 0.11984444425339712 -0.36159281063164755 0.21947676265817204 0 0 0
0.001 -0.005969646615265678 -0.9407562517623131 -0.08204751639395524 0 0 0
0.001 -0.1982835514572538 0.5804266444886302 -0.7414656261414411 0 0 0
0.001 0.024895870629757694 0.6072315254412795 -0.2170794011548922 0 0 0
0.001 0.6641990084409745 -0.10730382212478526 0.6144166837144771 0 0 0
0.001 -0.018306615775152565 0.15534999552164566 0.7072259104391593 0 0 0
0.001 0.6218960772196148 0.19568845297602913 0.08234136918932329 0 0 0
0.001 -0.3442341350297036 0.443968060642016 0.4273212014126793 0 0 0
0.001 0.6144729890213753 0.031207526061890044 0.37391832036814704 0 0 0
0.001 0.7861311586418378 -0.2990423824006958 0.3724081595362702 0 0 0
0.001 -0.559828917909939 0.022480086834433328 -0.09419854623870749 0 0 0
0.001 0.1810004303985134 0.1998813357971684 0.43937428133483536 0 0 0
0.001 0.2513781126339574 -0.2367980970904043 -0.1736596239305918 0 0 0
0.001 -0.3533783938277993 -0.34848812607271545 0.2471431064785716 0 0 0
0.001 -0.9647246799307118 0.11434804794759829 -0.09644359414511193 0 0 0
0.001 -0.27194537236864696 0.42018500333046666 -0.8003792593958268 0 0 0
0.001 -0.6475674057069923 -0.12163656344052433 -0.3542862996811984 0 0 0
0.001 -0.5502888128150168 -0.27267045819561453 0.41849035333324475 0 0 0
0.001 0.7196151059522548 -0.21352499730183822 0.6587868563059351 0 0 0
0.001 -0.4542632273605933 0.3702613916286677 0.6471575349300043 0 0 0
0.001 -0.24334161255825051 0.2325285170560727 0.8862526715461015 0 0 0
0.001 -0.604532650886899 0.7257960385245704 0.02088940529754949 0 0 0
0.001 0.5450906376119644 -0.22899648928516325 0.5135265909283945 0 0 0
0.001 -0.4330021358920934 -0.42612763598925524 0.03296351311981905 0 0 0
0.001 -0.48855049397015177 0.32816036473655474 0.15808759378296536 0 0 0
0.001 -0.29901284538366724 0.10819710228279153 -0.8543373029248744 0 0 0
0.001 0.30273396303915195 0.19378022009610835 0.11597837329918287 0 0 0
0.001 0.42899546394089333 0.03993419768097406 -0.20802534937580833 0 0 0
0.001 0.09706112483253078 -0.21527763063079167 0.1163626819603786 0 0 0
0.001 -0.3146981206319736 -0.09152909210140715 -0.6460768362702557 0 0 0
0.001 0.5054307444613559 -0.3935869042274254 -0.44853564537131535 0 0 0
0.001 -0.6277335123091968 -0.23900242616887488 -0.6624596992342043 0 0 0
0.001 -0.2700389247925823 -0.038847562200238286 0.29404845471776797 0 0 0
0.001 0.05762776744552149 -0.13640543082015572 0.8109990648879077 0 0 0
0.001 -0.5962028729047915 -0.7530949867194315 -0.06930338142014876 0 0 0
0.001 -0.8583615618582562 -0.3677739324671295 0.18364867661233344 0 0 0
0.001 -0.2762320096274189 0.2301727681758073 0.028471447084518355 0 0 0
0.001 0.13398671954280988 0.23462538900550498 -0.5916000620593134 0 0 0
0.001 -0.3176758628999337 0.3758386338410485 -0.703847473708647 0 0 0
0.001 0.3459802766482591 -0.26134173798651933 0.4710119025110224 0 0 0
0.001 0.20086805811358902 -0.44686916841996344 0.3454925216467691 0 0 0
0.001 -0.052066348708763074 -0.871188067024004 -0.11933111691947042 0 0 0
0.001 0.09479229347068042 -0.10434420756684977 0.8719210781478807 0 0 0
0.001 0.13926658999852556 0.6964141452648587 0.6401077972087774 0 0 0
0.001 0.2678414141064019 0.41844200829791106 0.6458162607765005 0 0 0
0.001 0.28184947669470856 0.45053144167425613 -0.11504306597687573 0 0 0
0.001 0.6470636339138734 -0.26162167695028193 -0.5714567411035296 0 0 0
0.001 0.21152750395956163 0.53673734531992 0.5228099034337467 0 0 0
0.001 -0.15946731917158843 -0.062230616898496835 0.6467151098280678 0 0 0
0.001 0.1313238258637022 -0.10645546661500606 0.7357162371327082 0 0 0
0.001 0.16481374079492403 -0.6996003253130031 0.17131802633612792 0 0 0
0.001 -0.5428080498886959 0.3405465327245531 0.5870431357046212 0 0 0
0.001 0.708643883726736 0.5438657250247457 0.354695208926004 0 0 0
0.001 0.6616836665776962 -0.11480842143920085 -0.011090614730288604 0 0 0
0.001 -0.9775735646364632 0.08769568329731676 -0.07694061985103774 0 0 0
0.001 0.7905138339269123 -0.39438575157459144 -0.3109948934318831 0 0 0
0.001 -0.4075422264636048 -0.6321202278271199 -0.131721657580531 0 0 0
0.001 0.8482327784533307 -0.210740672336864 0.3985374956923089 0 0 0
0.001 -0.4987457094945008 -0.4410924070943023 0.1752113512193046 0 0 0
0.001 -0.3718817506766853 0.5591246587505094 0.648841049486714 0 0 0
0.001 -0.4346692799588811 0.008613529311266833 0.4310601381957573 0 0 0
0.001 0.13739219406564404 0.32630783031718136 0.17855223550547017 0 0 0
0.001 -0.438829336708427 -0.06094204832856421 0.177023299021535 0 0 0
0.001 -0.37609054775618683 0.037885780499161935 0.14399837251109532 0 0 0
0.001 0.5734499556713787 -0.514791597136003 0.5853646359720436 0 0 0
0.001 0.1956409650165047 -0.021172505899951767 0.5641505235427224 0 0 0
0.001 0.09412207823623311 0.02347581297297031 0.5880203008004343 0 0 0
0.001 -0.5357484205880915 -0.3367126137467821 0.0613560432539103 0 0 0
0.001 -0.1842111565013641 -0.7086846415263642 -0.2754152266940646 0 0 0
0.001 0.22910193815533167 -0.1075559219420358 0.5553794422462351 0 0 0
0.001 0.04914660994574711 -0.6727063882064096 0.10978415966349746 0 0 0
0.001 0.05820096264954795 0.7576305623531627 -0.02930481630548309 0 0 0
0.001 0.5996239077758729 0.3742862685756198 0.33518289515852756 0 0 0
0.001 -0.37833895877807766 -0.36973602939631944 0.08291426592827063 0 0 0
0.001 -0.8137158310013534 -0.26286870048692784 0.14360397199635597 0 0 0
0.001 0.18228109514474625 0.17530749764053982 0.3662405555430136 0 0 0
0.001 0.4445316142938477 -0.03844271058580274 0.5295466160729768 0 0 0
0.001 0.4339946843215349 -0.17237243566698707 0.27598547362076886 0 0 0
0.001 -0.7614329191387991 0.31076167493210033 0.2842554476824577 0 0 0
0.001 0.4047148004652191 0.2898762219218283 0.7583795107557967 0 0 0
0.001 -0.44161958135044765 0.24841867505252216 -0.5653003101906378 0 0 0
0.001 -0.4365579576854454 0.5602848654956364 0.08842336200455485 0 0 0
0.001 -0.31805358605083656 -0.21548958043357158 0.7386570222411175 0 0 0
0.001 -0.18520655851278514 0.023042969546749486 -0.147365448818043 0 0 0
0.001 -0.5357530259251864 0.1510396492330797 -0.7338663581869125 0 0 0
0.001 -0.7377372700990673 -0.4612713790052432 -0.3136354131434723 0 0 0
0.001 -0.38899914509895106 -0.12422280689541525 0.3722991108221972 0 0 0
0.001 0.1471894159887013 -0.2177089179211311 -0.195686425665161 0 0 0
0.001 0.02583496434941821 0.10472006160238227 0.4632038634625426 0 0 0
0.001 -0.688270918211219 -0.21110403573035744 -0.14168419523523948 0 0 0
0.001 0.5709844367910221 -0.13330258039460394 0.6872581300361212 0 0 0
0.001 0.3502483534969162 -0.07369692368010052 -0.7796881834325751 0 0 0
0.001 0.19889948576943892 -0.24347545926399822 -0.04089320089377259 0 0 0
0.001 -0.47023281389301774 0.5948195244591131 0.42025767599143266 0 0 0
0.001 -0.23937387853456224 -0.3109630197071814 -0.17739482901380776 0 0 0
0.001 0.2725776310212556 -0.26864927402016386 -0.10178006943899892 0 0 0
0.001 0.504472904045541 0.30981428660309807 -0.33835715303431435 0 0 0
0.001 0.22788445291853732 -0.23465197192503617 0.3601789107574948 0 0 0
0.001 -0.11240357756733162 0.14969021387482975 -0.9557719167587392 0 0 0
0.001 0.6433360702708691 0.20527729637316222 -0.051212850570989316 0 0 0
0.001 -0.09871471378492261 -0.5187785053484502 0.36616265133101294 0 0 0
0.001 0.7623772549147609 -0.36986689809339474 -0.3454502318738525 0 0 0
0.001 0.44120764741519974 -0.032041752218893535 -0.538297819641066 0 0 0
0.001 0.20311445616170287 -0.5250950261607203 0.5854784020037445 0 0 0
0.001 -0.3791303812507636 -0.8133519155502992 -0.10389527351618605 0 0 0
0.001 0.4543612697988888 0.6885873629168531 0.3464051091285349 0 0 0
0.001 -0.03497242589541043 -0.4070274751314719 0.8278230692235001 0 0 0
0.001 0.8293703397871613 -0.3098282861744575 0.18375917887341933 0 0 0
0.001 0.5432437829278313 0.35122575643954623 0.7268574266834112 0 0 0
0.001 -0.7026300712355578 -0.06703072725177721 -0.4518915796365988 0 0 0
0.001 0.8179025867340046 0.11950641048810762 0.38915460356251325 0 0 0
0.001 0.7113836361875054 -0.10872865682994784 -0.4464355126780028 0 0 0
0.001 -0.0645432699518534 0.7776983277009948 -0.06533710563388041 0 0 0
0.001 -0.03955118385775922 0.02844181344065964 -0.33763626482151277 0 0 0
0.001 0.40475098529770337 -0.6165497039906811 0.4166418432147223 0 0 0
0.001 0.4176109285798924 0.5573748222264623 -0.01725941819672056 0 0 0
0.001 -0.4460187470237799 -0.4660899105123939 0.12879030832818222 0 0 0
0.001 -0.4626212145551577 0.364610355785911 0.24845439518229034 0 0 0
0.001 0.4855673672702571 -0.1110102722273362 0.45926277848301994 0 0 0
0.001 -0.31261852969842496 0.4895235172122677 0.6014627340737844 0 0 0
0.001 0.24185083541550928 0.45323371342806545 -0.39962318519379353 0 0 0
0.001 0.31650197732269375 0.45714994419825383 0.3810574902554048 0 0 0
0.001 -0.6374948742617695 -0.28472010426023203 -0.49158966493199885 0 0 0
0.001 0.33728312960219303 -0.4246235292998743 -0.41699501906389 0 0 0
0.001 -0.6631603913061329 -0.6677408264270774 -0.26366222570469366 0 0 0
0.001 0.012165704482510675 0.7568306039733035 -0.26819998214394386 0 0 0
0.001 0.1333150920575093 -0.6647909345297094 0.1804646686276625 0 0 0
0.001 -0.23012728268618804 -0.7990410549433197 -0.20325931745851314 0 0 0
0.001 0.06474929085504169 -0.4983108995996946 -0.6243738759101496 0 0 0
0.001 0.45229085341822184 0.39695260945380195 -0.5833934916230165 0 0 0
0.001 0.48302468817490923 0.38823925557991146 -0.6278750606441084 0 0 0
0.001 0.34803619341099734 0.18857638459151926 -0.480260973320225 0 0 0
0.001 -0.24477934008515764 0.14442131335903682 0.3850284922517175 0 0 0
0.001 0.45277086034660546 0.05063784148944175 0.4123755193765815 0 0 0
0.001 -0.3904866002161618 -0.33319020820698764 0.5449443298866995 0 0 0
0.001 -0.4321580171954296 -0.8451834658124402 -0.24226049589593762 0 0 0
0.001 0.46701549020787153 0.11816655002356317 -0.7891470919873993 0 0 0
0.001 -0.48770979007060555 0.07707576213504878 -0.27000500965821267 0 0 0
0.001 0.4700460144089717 0.41405758898660905 -0.5195339452495012 0 0 0
0.001 -0.7036334503353016 -0.17430756082868396 -0.6762280002222995 0 0 0
0.001 0.06840737752845796 -0.20744351973758945 0.3219487146192899 0 0 0
0.001 -0.2624102298342312 -0.37013975387173204 -0.6783112728329668 0 0 0
0.001 -0.2148728182930813 -0.09239809507236635 0.6745919346208867 0 0 0
0.001 -0.7008770025880794 0.3338689037524298 -0.35612817262171187 0 0 0
0.001 -0.43967360207027967 -0.8026041818976152 0.18750335562004344 0 0 0
0.001 -0.14768336714129138 0.8343218726921917 0.14193703562160312 0 0 0
0.001 -0.48804255398714685 -0.3403937017089214 -0.3284395554313024 0 0 0
0.001 -0.3903476941258545 0.8847262072937978 -0.12367915657624015 0 0 0
0.001 0.14257306023033467 0.04396105323966092 0.20716855873965487 0 0 0
0.001 0.5983937647413345 0.6377315824603946 -0.17862142784430685 0 0 0
0.001 0.4487020598364105 -0.2136050206574025 -0.6179718136005712 0 0 0
0.001 -0.7475931109675299 0.43190028890230664 0.30108658777692693 0 0 0
0.001 0.17185974248806324 0.4717245686032324 -0.1875255808673757 0 0 0
0.001 0.27439405004278417 0.8561908896272326 0.032259268748618224 0 0 0
0.001 -0.2808746938571079 0.6952205934609532 0.25052831721769403 0 0 0
0.001 0.4883924941314699 -0.3033753382548745 -0.3033295970838566 0 0 0
0.001 0.3977099289954777 0.28122290009658946 -0.47000236053289074 0 0 0
0.001 0.14961481003541402 0.7015614777203373 0.16524053633057892 0 0 0
0.001 0.6595634072144572 -0.5243083917676711 -0.06629055941997868 0 0 0
0.001 -0.44291699463003315 -0.5335417422710167 -0.1469571729274782 0 0 0
0.001 -0.26914111638065136 -0.24961750336004557 0.6564440097280013 0 0 0
0.001 -0.506910535571497 0.46741540869714027 0.267801377367406 0 0 0
0.001 -0.12192903734402137 0.4842595853279119 -0.08484532555850019 0 0 0
0.001 -0.49504821216214207 -0.5704190520454389 0.11000849340554829 0 0 0
0.001 -0.07703666740206848 0.3152422184142435 -0.5862399826101853 0 0 0
0.001 -0.39179113407780236 -0.0743123912613077 0.69189988045708 0 0 0
0.001 -0.2928855610280169 -0.5452631448597617 0.14605232732671497 0 0 0
0.001 -0.5799295147008321 -0.15740760152000532 -0.778957056534501 0 0 0
0.001 -0.5461845722594428 -0.18290215286944386 0.037150111115270126 0 0 0
0.001 0.22028586282725512 0.7080258690505625 -0.17357801431812805 0 0 0
0.001 -0.5376300109332375 -0.4223441584850471 -0.06779504920398745 0 0 0
0.001 -0.3817442341569514 0.3918722062554449 -0.6014249845611731 0 0 0
0.001 -0.6674584380239951 -0.3214100141300645 0.1833993749487474 0 0 0
0.001 -0.38484888090556735 -0.42995058321765084 -0.27167040800622566 0 0 0
0.001 -0.2532976857969743 -0.39149479494934347 0.5452984485721437 0 0 0
0.001 0.31916229139787256 0.5305326818514917 0.579607684897427 0 0 0
0.001 -0.2704802380345319 0.2408131092897834 0.5947047610134103 0 0 0
0.001 0.3684155274467854 -0.6128915576097266 -0.5510616691574701 0 0 0
0.001 -0.23846685242332652 0.5722346503171328 -0.1275021783494163 0 0 0
0.001 0.09831785214916246 0.03497798072439493 -0.3756527883051159 0 0 0
0.001 0.13933722411887006 0.2649557243060619 0.49174018001101644 0 0 0
0.001 -0.05350106265599214 -0.6111620610728313 -0.4020011378073275 0 0 0
0.001 -0.05984818069851614 -0.16669750546201276 0.06821299070026256 0 0 0
0.001 -0.0023451148633163157 -0.3929369157330606 0.0810630750902536 0 0 0
0.001 0.44681324832727765 -0.12625381888778192 0.05568747952240655 0 0 0
0.001 -0.4008583841198078 0.042720890724520066 0.06297332348459928 0 0 0
0.001 -0.3631676493375437 -0.008570654654537664 -0.4265329060396015 0 0 0
0.001 0.2671430581211163 -0.5515618009885762 0.48330591256907796 0 0 0
0.001 -0.03962071473102012 0.05623561176293448 -0.8673031346239053 0 0 0
0.001 -0.43261999366389625 -0.34983841650572334 0.0144827276568459 0 0 0
0.001 -0.14276066752296357 -0.2679319146931788 -0.8023977912990419 0 0 0
0.001 -0.44969745278473594 -0.763996638318588 0.4611725923345442 0 0 0
0.001 -0.3663722472239003 -0.20582911802302278 -0.6518252280368759 0 0 0
0.001 0.04752770749488146 -0.3135834942853121 -0.8470885892145923 0 0 0
0.001 -0.21743849876465357 0.8561549209032933 -0.08611853801329404 0 0 0
0.001 -0.15974926401024128 0.44802092045395403 0.7946992787536907 0 0 0
0.001 -0.28246469887520537 -0.032271236955340704 0.817664859699938 0 0 0
0.001 0.3070094036234592 -0.574720542568479 -0.38110784363319666 0 0 0
0.001 -0.20663249018391738 -0.8229431292912802 -0.46654065156300006 0 0 0
0.001 -0.44917954640998137 0.4633641717377143 -0.376553897318464 0 0 0
0.001 0.38720735370407816 0.6480247253715739 0.2424287331263366 0 0 0
0.001 -0.5581389319516036 0.5587665858035135 0.5536754336652372 0 0 0
0.001 0.16088233567031698 -0.26701942651611016 -0.2843413563749686 0 0 0
0.001 0.33954909183406123 0.6479558275355365 0.24410108598778715 0 0 0
0.001 -0.2943626015276267 -0.3886766441376969 -0.05035740801178912 0 0 0
0.001 0.27124324165820957 0.799560043406232 -0.18160675322530434 0 0 0
0.001 0.024017602235109885 -0.39839084753518345 0.8358375744853127 0 0 0
0.001 -0.21083965750651396 -0.10715361232903829 -0.474160044066305 0 0 0
0.001 -0.18277288041217876 -0.2391714264593575 -0.8868639798718446 0 0 0
0.001 -0.13859530339943157 0.41166495317233676 -0.4142308262512386 0 0 0
0.001 -0.7985151749594763 0.46663284701642926 0.09276099954171797 0 0 0
0.001 0.28501252979096087 -0.1466035263279825 0.8687862434596049 0 0 0
0.001 -0.4658956929549348 0.5073885659505772 0.040176066526151175 0 0 0
0.001 0.37077512442295796 -0.2868832538335257 -0.4387655911974448 0 0 0
0.001 0.0063439504756005955 0.22764453505625806 -0.7943248257326175 0 0 0
0.001 0.33729216018218783 -0.4170599653069494 -0.26326479033036687 0 0 0
0.001 -0.2245831647635075 -0.08823725343996137 0.42787839544397044 0 0 0
0.001 0.34648066989742754 -0.7237094525860952 0.32750514565833955 0 0 0
0.001 0.44377807062453434 0.3683213022907394 -0.4783935402021382 0 0 0
0.001 0.3643510385410115 -0.45224695301078893 0.30045762579070484 0 0 0
0.001 -0.13001503136832654 0.7311105308620711 0.536483252100053 0 0 0
0.001 -0.19875040540122704 0.3961067577690264 0.030722124905438027 0 0 0
0.001 0.32906277543414253 0.8745845575503027 -0.32170642573386726 0 0 0
0.001 0.32028079202970694 0.8408794262741733 0.2712301521030058 0 0 0
0.001 0.19577321513184556 -0.41611410314765074 0.028216456139472334 0 0 0
0.001 -0.2835233109319767 -0.35693382706053545 0.7332045714102904 0 0 0
0.001 0.15801348616772104 -0.4653545817060359 -0.5900674176911441 0 0 0
0.001 0.6409335437012338 0.2471473487346333 -0.39919609996801586 0 0 0
0.001 0.20911390163284282 0.8973500423907976 -0.08225129791580375 0 0 0
0.001 -0.8269850165360791 -0.4602525048645265 0.2291986914310904 0 0 0
0.001 0.7133989993890708 -0.35159390506157273 0.5689300178181025 0 0 0
0.001 -0.02683436779345921 -0.7957295464354602 -0.5003640804737741 0 0 0
0.001 0.8250293826600951 0.2894663258335558 0.030657592255399636 0 0 0
0.001 0.4618713378172872 -0.604105114826974 -0.48694856033492057 0 0 0
0.001 -0.5383723785774124 0.019415105513288348 0.5447765009983498 0 0 0
0.001 -0.5901647716460156 -0.5519915345590379 -0.0392775802704898 0 0 0
0.001 0.08893545730344675 0.1780765788226248 -0.060515482588825914 0 0 0
0.001 0.5645279893762056 -0.7232168972929512 -0.02081028133030965 0 0 0
0.001 0.6711723950212078 0.2903094439737137 -0.2786254117073574 0 0 0
0.001 0.3528102197542095 0.516500697169724 0.25527654620904083 0 0 0
0.001 0.49457858157255746 0.2816102688865464 -0.6034973726040858 0 0 0
0.001 -0.5620978466767268 -0.7448988178940823 0.2035369833793613 0 0 0
0.001 0.1646647155025543 -0.8049859213594731 -0.4892552051673201 0 0 0
0.001 -0.5158755783739414 0.22474998411749278 0.27965368754721903 0 0 0
0.001 0.5281159620146185 -0.28515748069454694 0.5394198969268972 0 0 0
0.001 -0.10723000673741144 -0.06831794126504209 0.4542514542234406 0 0 0
0.001 0.062477862052150814 -0.6801945303570863 -0.7006121983775399 0 0 0
0.001 0.16148600284462047 -0.1709910374608646 -0.6821349784894523 0 0 0
0.001 0.02734284017109214 -0.7857635244383893 -0.20298662923183733 0 0 0
0.001 -0.06816546482412164 -0.8715416493646938 -0.11499596729204642 0 0 0
0.001 0.8890259747009605 0.1530885421706996 0.3225195235447717 0 0 0
0.001 0.10804248265149079 0.25299733484030706 -0.10019690297577355 0 0 0
0.001 -0.42551800283154084 -0.6582829537324149 0.1279789402370322 0 0 0
0.001 0.16668960245565448 -0.6345221865550508 0.3259961558920597 0 0 0
0.001 0.7410164351242389 -0.11335440537636168 -0.6211313030947228 0 0 0
0.001 0.35180202687904055 -0.002166819265817251 -0.5528245388642785 0 0 0
0.001 -0.7168578027154506 0.6278747695754404 -0.2150048338397881 0 0 0
0.001 0.10902066539962893 -0.33290674972603906 0.794039153050072 0 0 0
0.001 0.11270170084910786 -0.6670452631789049 -0.014928200149021787 0 0 0
0.001 0.42733329938110737 0.5901692483606773 -0.16720152374766328 0 0 0
0.001 0.2959647431354236 -0.24990273203067268 0.8522540950622041 0 0 0
0.001 0.5662495238230003 -0.0470411490480106 0.06260815886929201 0 0 0
0.001 -0.03350081151730924 -0.6552356392276939 0.6583120214741187 0 0 0
0.001 -0.07708491875829168 -0.29682859354430935 -0.9459561871219184 0 0 0
0.001 0.4176433705821872 -0.5690871332320168 0.627831106736978 0 0 0
0.001 0.28041964310124073 -0.13443351262384004 0.31095354487512866 0 0 0
0.001 0.44724909872043905 0.161822003400697 0.2765435141922444 0 0 0
0.001 -0.5491514615921962 0.5972684383655166 0.13022434196903976 0 0 0
0.001 -0.4445347746264188 0.3656183725191108 -0.2856749169092618 0 0 0
0.001 -0.693953485074971 0.5018410761882444 0.4724629771190963 0 0 0
0.001 -0.49365125081204203 0.5117214204592637 0.5256823576035067 0 0 0
0.001 0.5496093003430249 -0.12482190900966844 0.8071372578614132 0 0 0
0.001 -0.2132348044837741 -0.36299938563493145 0.6372929767562167 0 0 0
0.001 -0.2572446086376202 -0.013640472697568386 0.9245074078450232 0 0 0
0.001 0.4913259703006082 0.20841986285018776 -0.6138532624192787 0 0 0
0.001 0.9027931035755103 -0.12231036586493574 -0.03030951892471707 0 0 0
0.001 0.4841525442537555 0.14611293111540613 -0.01882795039107021 0 0 0
0.001 -0.00553408381555054 0.7789921689682053 0.4631909970875187 0 0 0
0.001 -0.047215231642028066 0.7434584400872052 0.4989113553869542 0 0 0
0.001 -0.6012440748705088 0.335956028577412 0.48819969282694314 0 0 0
0.001 -0.010826758052046926 0.22837932415577017 -0.08658942733274731 0 0 0
0.001 0.753095709291286 -0.20603871006188257 0.623502833699769 0 0 0
0.001 0.5170237786221231 -0.03686444002827203 0.5520831496017643 0 0 0
0.001 -0.6250009126868146 0.5612370314986337 0.3474200074364059 0 0 0
0.001 0.8503487647398958 -0.3511762123963346 -0.04426836388716565 0 0 0
0.001 -0.6936365550343504 0.5456769968410626 0.45679146273039184 0 0 0
0.001 0.41181812972494203 0.36516080440313287 0.4821796482925647 0 0 0
0.001 0.2630157575532221 -0.5978840752986313 -0.08768465709227886 0 0 0
0.001 0.44395551801278116 -0.3603774303649787 0.7440836056947492 0 0 0
0.001 0.3701412330295438 -0.07891201850777654 0.7652929431508827 0 0 0
0.001 -0.5512182235546492 -0.3997200270526012 -0.06980020477910209 0 0 0
0.001 0.08818160243969939 -0.7741420886682049 -0.1492664214932673 0 0 0
0.001 0.5678245964144873 0.098035965026982 0.20628187178624657 0 0 0
0.001 -0.36029115040063786 -0.018954142953668325 0.19463718441174574 0 0 0
0.001 -0.514927245416127 0.09991783902054961 0.01233680586579621 0 0 0
0.001 0.24783432603012168 -0.6699545105158875 0.6207677665117108 0 0 0
0.001 -0.02660414506430117 0.5491023912004878 0.5514951093121783 0 0 0
0.001 -0.4277229483593969 0.4872077943839615 0.34452521690223314 0 0 0
0.001 -0.28429072669035077 -0.09032849524486494 0.16741950216062937 0 0 0
0.001 -0.5149185117522685 -0.1353866610498666 -0.5517870824985148 0 0 0
0.001 0.2556365483647689 -0.8848580995528285 -0.02866241195208724 0 0 0
0.001 -0.1368045764498959 0.20905112588460054 0.04412540405310464 0 0 0
0.001 -0.09989967929721363 0.41972031898189976 -0.02852446757617665 0 0 0
0.001 0.12042838143441877 0.535211859092831 -0.3845202304718458 0 0 0
0.001 -0.31926679232299804 -0.25334135563197646 -0.8036414959676379 0 0 0
0.001 -0.25183738619192214 -0.33524615289999316 0.39410891766797307 0 0 0
0.001 0.2222824938398402 -0.3523851326844606 0.3311062207970724 0 0 0
0.001 0.08054481403687017 -0.7504736619277923 0.03659970410040872 0 0 0
0.001 0.018606916364028184 -0.5506555121926171 -0.022037554988843022 0 0 0
0.001 -0.14422681188010505 -0.8687265196645104 -0.10531197827757484 0 0 0
0.001 -0.37736760521611395 -0.12600441034983528 0.18484332494203493 0 0 0
0.001 -0.20455657822433554 -0.12521747924478413 0.5779768311088516 0 0 0
0.001 0.37267869165945633 0.15769476857831724 -0.7685221993247884 0 0 0
0.001 -0.625811335634166 -0.06263955844499762 -0.2150440761919696 0 0 0
0.001 0.047650720713670505 -0.46813947424776586 0.8276883743376133 0 0 0
0.001 -0.14338550070149916 0.5440751374911686 0.006715284280062161 0 0 0
0.001 -0.42489281147403607 -0.5246719437488091 -0.27947767384748884 0 0 0
0.001 -0.19134690896232653 -0.3049830475879761 0.5751325800648455 0 0 0
0.001 0.0494209062537642 -0.17041478291102838 0.44832306340703393 0 0 0
0.001 0.06856333259577187 -0.3457840499019518 -0.5921698657299523 0 0 0
0.001 -0.5794023430267181 0.35934206193630747 -0.22341444014827072 0 0 0
0.001 -0.3697860676361107 -0.6959981947854561 0.4893983389512625 0 0 0
0.001 0.005281551664229463 -0.0796726311089097 0.4494068211400966 0 0 0
0.001 0.1874963850853999 0.837712680434765 -0.38311988619498827 0 0 0
0.001 0.6911507282596877 0.22036400392529634 0.6723083683453541 0 0 0
0.001 0.585789418045264 0.6666209629105607 0.14242135566053388 0 0 0
0.001 -0.5177207036118634 0.6946896811907813 -0.22099617944560251 0 0 0
0.001 -0.5117940385104417 0.33443543271562226 -0.11398761749431831 0 0 0
0.001 0.5422099115738388 -0.10263362936838812 -0.27636299599083625 0 0 0
0.001 0.7620535418849088 -0.5223828599873903 -0.08191738712014295 0 0 0
0.001 -0.2342706190644391 0.6242203890005013 -0.2613831434491273 0 0 0
0.001 -0.3547211778558082 -0.40143557091567633 0.06556434369679508 0 0 0
0.001 0.8314574439237125 0.04090926993427504 0.15085540787626764 0 0 0
0.001 -0.11555957762784111 0.5846623294445085 -0.7918581700417292 0 0 0
0.001 -0.001939070550562388 0.04039163361262131 -0.1882988985471954 0 0 0
0.001 -0.31657832705229094 -0.39784820013384836 -0.12322227443912209 0 0 0
0.001 -0.3509862218985865 -0.35098692624302436 0.7565576836983992 0 0 0
0.001 -0.17096157486996816 0.667184600060612 0.025270670416555154 0 0 0
0.001 0.570731067600007 -0.12970254577162643 0.5615867936425595 0 0 0
0.001 0.680928132287579 0.19840675099464627 -0.023334220840374717 0 0 0
0.001 0.36165198137815485 0.8624368351167843 -0.03393757229109297 0 0 0
0.001 -0.15480736469095238 -0.08586660165021244 0.16325409560428986 0 0 0
0.001 0.2443160043317005 0.3419386708373985 0.7144666652118559 0 0 0
0.001 0.6715508082792664 -0.33872664334766206 0.5325878573984262 0 0 0
0.001 0.13785735065032526 -0.3113406774107681 0.3939534794684016 0 0 0
0.001 0.35699470475870876 0.9088799712893477 0.07605199148622852 0 0 0
0.001 0.5771986788105482 0.6692156544624396 -0.05827952452109573 0 0 0
0.001 0.5038097017399266 0.005011359926739056 -0.7806940260638479 0 0 0
0.001 0.46868767041139175 0.7346387394564411 -0.19340012144910146 0 0 0
0.001 0.7206224691759976 -0.370979571417326 0.024489116259595253 0 0 0
0.001 0.8336666973911733 -0.1379646759364497 -0.004143890614588847 0 0 0
0.001 -0.30949790630231017 -0.19434403480660023 -0.8467599779155841 0 0 0
0.001 0.04265107648870253 0.601840551119957 0.05748826932676322 0 0 0
0.001 -0.28927485839437195 -0.0775584910903778 0.42866777365122893 0 0 0
0.001 -0.3886416763667688 0.7615060976016507 0.29452117423143986 0 0 0
0.001 -0.5861947813989531 0.05683050197469532 0.16234210642992997 0 0 0
0.001 0.569993443853579 -0.09816259259226567 0.2540448202299012 0 0 0
0.001 0.2616993337570822 0.2545694433607583 -0.41644437385540883 0 0 0
0.001 -0.03740512964519239 -0.48730976207601906 -0.7878498690750629 0 0 0
0.001 0.09439349738478375 0.431506473266018 0.7493332735983133 0 0 0
0.001 0.2931647974507507 0.7495984134568509 0.5136547539581255 0 0 0
0.001 0.22311261259017146 0.15964104890530217 -0.6088225800966197 0 0 0
0.001 -0.17373340828525252 0.1439539648836838 0.8368444536189409 0 0 0
0.001 0.04629523480351363 0.006308989611482277 0.19033631914356866 0 0 0
0.001 -0.26679977892796314 -0.23311969283337292 -0.5409965104978178 0 0 0
0.001 -0.9331835766813167 0.18560373143700926 0.255268676603084 0 0 0
0.001 -0.46729551324507085 -0.763423735174034 -0.044798824155549095 0 0 0
0.001 0.3434041670997514 -0.1459325620257539 0.18026587252656318 0 0 0
0.001 -0.34898868472046024 0.2276238237831307 0.5270554210093878 0 0 0
0.001 -0.27752496596824006 0.35957527457201055 0.606185195267008 0 0 0
0.001 0.7440837037197072 -0.5520913495116282 -0.28787645345739665 0 0 0
0.001 -0.32351842857552804 -0.26678202486592106 0.9055453302162183 0 0 0
0.001 -0.5632898915974563 0.08087035051411504 0.4015251481857518 0 0 0
0.001 -0.9088085399424407 0.15769166680108507 0.003668259528154262 0 0 0
0.001 0.16691853303126114 0.1520344884516396 0.886948622652859 0 0 0
0.001 -0.08641820561548236 -0.7990703969403684 0.4065920421259907 0 0 0
0.001 0.031369807959480224 0.6866144859017366 -0.6599020575020841 0 0 0
0.001 -0.055463238345537715 0.23458238044958812 0.20103590639358854 0 0 0
0.001 0.46391342040452666 -0.8753879506521258 0.09633304452520874 0 0 0
0.001 0.30869634651958205 0.625297836273333 -0.23099670351117663 0 0 0
0.001 0.10810414458128334 0.5638866707312712 0.7982535909475257 0 0 0
0.001 -0.3238472850573428 -0.8698412384388085 -0.3061723296615651 0 0 0
0.001 -0.44966225206262106 -0.8519886065282837 0.14463180076434243 0 0 0
0.001 -0.6640420409892352 -0.518263951254872 0.24148407034293182 0 0 0
0.001 0.6387607011434664 -0.5906262522161434 -0.41416324200008386 0 0 0
0.001 0.7207402437104334 -0.4376130686176291 -0.31802781043930617 0 0 0
0.001 -0.14908209912374026 -0.3957280373738019 0.6766354747633233 0 0 0
0.001 0.2326358982117145 -0.08946632229693961 0.04406718765689702 0 0 0
0.001 -0.08448198007777423 -0.5921493176439611 -0.6055456188915254 0 0 0
0.001 -0.3184436601399268 0.003553999181585744 0.5754012237668573 0 0 0
0.001 0.026420662461283256 -0.6563008932886353 0.4838183449274168 0 0 0
0.001 -0.05483538062390683 0.1685772819418621 -0.2222630103775987 0 0 0
0.001 -0.3848179845974333 0.6501718470288125 0.12385641046102025 0 0 0
0.001 -0.42247807032197066 -0.2341418996547015 0.6941189046649002 0 0 0
0.001 0.46877775956163215 0.21974000086832274 0.31792709199853364 0 0 0
0.001 -0.15373712635052011 0.061506628693922996 -0.9726729886838968 0 0 0
0.001 -0.569508758725031 -0.48677508165889544 0.23078317199244014 0 0 0
0.001 0.4109900935597185 -0.1721591571374547 0.2974042073745589 0 0 0
0.001 0.14961638138744685 -0.029549433484840768 0.3133831331575686 0 0 0
0.001 -0.058473111431319856 0.24853068543585605 0.20250381723146205 0 0 0
0.001 -0.41323492522125216 0.28515084767054644 0.6008108681183403 0 0 0
0.001 -0.790051648513988 0.47768073321150223 -0.07481733467940936 0 0 0
0.001 0.05528968091549498 0.08402520980386327 -0.4676488743001509 0 0 0
0.001 -0.5116884696614332 0.19788041954289415 -0.6117020977520852 0 0 0
0.001 -0.2484064699591513 0.33346990900277335 -0.16782673960651834 0 0 0
0.001 0.13152812099113162 -0.7066329345542686 -0.3283583087736281 0 0 0
0.001 -0.4455937075139322 0.15792970102333417 0.22255006520309542 0 0 0
0.001 0.8207814379319299 -0.2776104886841572 -0.4808783291705181 0 0 0
0.001 -0.11059500730470562 -0.2746710822412802 -0.5968427044601077 0 0 0
0.001 0.24027377954201876 0.0650086757580207 -0.3024855738827623 0 0 0
0.001 -0.030926759735261582 -0.3464945553455795 -0.7570315094360097 0 0 0
0.001 -0.2963388295536416 0.7810603888860949 0.3599724432744812 0 0 0
0.001 -0.3765163939478859 -0.3702913381913477 0.7378595027109747 0 0 0
0.001 0.048190013722250624 -0.3495641651900269 -0.7131909180599401 0 0 0
0.001 -0.5280480427208515 0.19682169903360275 -0.09589869961783516 0 0 0
0.001 -0.1513502217024162 -0.39319549716040714 -0.6893034695134965 0 0 0
0.001 -0.1992046580926125 -0.1626976513495885 0.16095543501549164 0 0 0
0.001 0.12151307968078746 0.2589686299495469 0.18144562233379363 0 0 0
0.001 -0.6282317853582566 0.5858955663547984 0.15642154103766262 0 0 0
0.001 0.7415754020063112 0.2692482057688589 0.1894571366145935 0 0 0
0.001 0.342787657942547 0.28626474078283404 -0.6851226898959818 0 0 0
0.001 0.6305716878572994 0.6149564715176845 -0.0790531157203737 0 0 0
0.001 -0.21729585002776533 0.3571175179483445 -0.2853409134676575 0 0 0
0.001 0.22903940088110705 -0.13902666670390607 -0.55356214988569 0 0 0
0.001 -0.6249837597248177 -0.010782530407635663 -0.03898130834981657 0 0 0
0.001 0.3171022042700899 0.3859521283032721 -0.4838503692161091 0 0 0
0.001 0.054875090388452265 -0.4067925209514642 0.16789378527289114 0 0 0
0.001 0.5584666790424212 -0.17096256177549699 -0.10058262386708146 0 0 0
0.001 -0.2977585006338936 -0.7859580143033676 0.32460810670179713 0 0 0
0.001 -0.12770248917247726 0.06329191083227026 -0.5616236080785247 0 0 0
0.001 0.7192384270557616 -0.207510055253513 0.5166343113976585 0 0 0
0.001 0.5774431948382647 -0.05717489648480785 0.7710645110952187 0 0 0
0.001 -0.34785309486 -0.19624641735235931 -0.3181923641094456 0 0 0
0.001 -0.40863391822955264 0.034285366371961626 0.07054960780148722 0 0 0
0.001 -0.8559105099023864 0.4169904826859464 -0.2820764151476011 0 0 0
0.001 -0.2709792538128729 -0.9058003406239749 -0.17260394314484243 0 0 0
0.001 -0.44853210836556895 0.3267729938105067 -0.3974646868197501 0 0 0
0.001 0.02649170988463618 0.5145336612036826 0.13793317046460477 0 0 0
0.001 -0.07241931228146531 -0.6950722473746116 -0.4747511304956577 0 0 0
0.001 -0.6146042994140667 -0.4568780106811231 0.09844335151422706 0 0 0
0.001 0.24817418020946405 0.09587437083006753 -0.0189022169840065 0 0 0
0.001 0.3387415850180375 0.5969209846554251 0.08947844301634125 0 0 0
0.001 0.0159226632868539 0.09772951002308185 0.4062589895529541 0 0 0
0.001 0.09035050790602608 -0.3021955701146413 0.8666103296354108 0 0 0
0.001 -0.12857691158195228 -0.3788208924400901 -0.042780091343520364 0 0 0
0.001 -0.6796368409480287 -0.5521878733142177 0.24687183964589046 0 0 0
0.001 0.3648106548217264 0.21501482414092746 0.026678827032710895 0 0 0
0.001 0.16875145390513807 0.015463697060570918 0.6150003009030462 0 0 0
0.001 -0.1820036263801397 -0.840618329451021 -0.47318150320338465 0 0 0
0.001 -0.30990288069636146 0.9208378499599025 0.1489098938301967 0 0 0
0.001 0.00418460974646226 -0.9100877554532552 -0.07914276639807145 0 0 0
0.001 -0.5880010448973264 0.4642783675352325 0.5222002640908581 0 0 0
0.001 -0.244802418650642 -0.2176821398260795 -0.7661158364588047 0 0 0
0.001 -0.2920606544081202 -0.26842795317254176 -0.8365130187209447 0 0 0
0.001 0.17972973233426304 -0.4390274937538064 -0.76209338867905 0 0 0
0.001 0.4009121504191045 0.18609462551402206 -0.7972228814455002 0 0 0
0.001 0.6161293251328844 0.06626650290797098 -0.3258994922875531 0 0 0
0.001 -0.0302878627828904 -0.4606270389521691 0.7679300434467082 0 0 0
0.001 0.43009092188656994 -0.5591338269694407 0.3453336977122605 0 0 0
0.001 -0.650247176480676 -0.4302994630200078 -0.45378622047315176 0 0 0
0.001 0.45330988101495207 -0.07470600021388592 -0.19696821619498078 0 0 0
0.001 -0.05782103451046712 -0.10511493951531344 0.39335191213313453 0 0 0
0.001 -0.7676686431887089 0.11353504334046814 0.6050224796565751 0 0 0
0.001 -0.13405477735725888 0.47005881967214563 -0.0448165620883609 0 0 0
0.001 0.729185224890728 0.1033887421176496 -0.08990458195787962 0 0 0
0.001 0.20976364578413012 -0.010791422180120773 -0.6371945176653134 0 0 0
0.001 -0.3801946068841609 -0.24171626612329314 0.267624906885346 0 0 0
0.001 0.5473924305848005 -0.3018101063452009 -0.23291568298496648 0 0 0
0.001 -0.24394311078448136 0.13396586780290598 -0.9429313031904689 0 0 0
0.001 -0.2929307562160296 0.13121825636311954 0.3457147503669213 0 0 0
0.001 -0.5798742981943334 -0.7224953213190948 -0.33034499143275337 0 0 0
0.001 -0.03220315536925233 -0.17213037132814316 0.09686487401181927 0 0 0
0.001 -0.20948867228406312 -0.05176950807035628 0.48226363010155937 0 0 0
0.001 -0.5120183587496842 -0.4755914628502752 -0.45607796227467146 0 0 0
0.001 0.8490904138946551 -0.18929592536751144 0.2687121239586214 0 0 0
0.001 0.053809646447756494 -0.6794877279288286 -0.14459006708554567 0 0 0
0.001 0.2314388516736417 0.33576798384679224 0.8886064856192278 0 0 0
0.001 0.3204089499528009 -0.16821742852819632 0.16992688257545582 0 0 0
0.001 -0.27727585369150015 0.24379611647580934 0.5705915056606454 0 0 0
0.001 0.37781345221458645 -0.38661205712247576 -0.30774642605198094 0 0 0
0.001 0.23745279816337667 0.3344360494278938 0.782035763624763 0 0 0
0.001 0.2889403646416108 0.13299643775175032 -0.07117449474743336 0 0 0
0.001 -0.6868699968168587 -0.23257956340568264 -0.6344931111760203 0 0 0
0.001 -0.5221566647229325 -0.2559402746906514 -0.3194058179798893 0 0 0
0.001 -0.3823750338119965 -0.7191119078752565 0.5183250055119888 0 0 0
0.001 0.3249454058829311 -0.8045312922091689 0.3511387157254707 0 0 0
0.001 -0.6212836452427504 -0.21386726913804863 -0.3670096950770763 0 0 0
0.001 -0.4101761066297291 0.4314406669675067 -0.3336133769367218 0 0 0
0.001 0.4006426556571013 -0.259074861913612 -0.11355826638733633 0 0 0
0.001 0.7130415656911391 0.015638530883802158 0.683940329401298 0 0 0
0.001 0.008754701923494734 -0.5394874252915246 0.15574495065378058 0 0 0
0.001 -0.550851033021986 0.09993337210058566 0.7909020006789466 0 0 0
0.001 -0.841883262302296 -0.06015942852373491 0.3660933671627025 0 0 0
0.001 -0.193746158022001 -0.18353638910438735 -0.7438694125789548 0 0 0
0.001 -0.6878935004434633 -0.1964578124582743 -0.1780580803509616 0 0 0
0.001 0.049860885962023316 0.2960894459771782 0.6723526578807897 0 0 0
0.001 -0.10686852589817561 0.34799640264045745 -0.12481802976444441 0 0 0
0.001 -0.7375362894109578 -0.2702322926862452 0.553414885771636 0 0 0
0.001 -0.09449038669423805 -0.7716800940172186 0.5932623223182965 0 0 0
0.001 -0.14932551775250805 0.286458960059428 -0.6560011947412782 0 0 0
0.001 0.49286308057549544 0.6427939102527935 -0.34260461993380564 0 0 0
0.001 0.37618525148803666 -0.2077411933917891 0.4786784269905884 0 0 0
0.001 0.21951325875444544 0.5492251836641773 0.3869538263223587 0 0 0
0.001 -0.5334508798147218 0.5659377818009871 0.28705376342863265 0 0 0
0.001 0.07999034418094367 -0.29535874772783194 0.940566036886327 0 0 0
0.001 0.25045062878054475 -0.21225302858135184 -0.7977612514521547 0 0 0
0.001 0.4116705914391149 -0.4213493588470493 -0.6612586732837167 0 0 0
0.001 -0.058709987653327744 -0.5411342602970601 0.7878689171440245 0 0 0
0.001 0.6706133998664009 0.5511939945937523 0.11947296082036822 0 0 0
0.001 -0.8245420280973147 0.12785424843636267 -0.5425574965487966 0 0 0
0.001 0.05848257161326643 -0.37403955602005556 -0.3080977455435819 0 0 0
0.001 0.14485352083482253 -0.33216261051858853 -0.3999634743423538 0 0 0
